% Algorithm Libraries
% Tim Truster
% 10/06/2013

transalgos = [1 2 3 4 5 6 8 10 12 13 14];
